acc = 0.47979492105922644
acc_and_f1 = 0.47979492105922644
f1 = 0.47979492105922644
precision = 0.47979492105922644
recall = 0.47979492105922644
